2	1.0938527994e-03
3	4.9085356295e-06
4	3.0207447708e-06
5	7.9291639850e-06
6	1.8879072741e-06
7	2.2654421628e-06
8	3.3982330933e-05
9	7.1740942076e-06
10	3.0206283554e-06
11	3.3982796595e-06
12	3.7758145481e-06
13	1.2460164726e-05
14	4.9085356295e-06
15	4.5310007408e-06
16	6.0412567109e-06
17	5.6637218222e-06
18	6.4187915996e-06
19	7.1740942076e-06
20	6.8342196755e-05
21	1.0194606148e-05
22	1.1327443644e-05
23	1.2460164726e-05
24	1.2837816030e-05
25	1.5480793081e-05
26	1.6235979274e-05
27	2.4542794563e-05
28	2.1522049792e-05
29	3.4737400711e-05
30	2.6808236726e-05
31	2.9828865081e-05
32	3.0206399970e-05
33	3.5492586903e-05
34	3.8890866563e-05
35	7.5516290963e-05
36	4.7197565436e-05
37	5.0973496400e-05
38	5.5126845837e-05
39	5.6637218222e-05
40	1.1667259969e-04
41	5.7128036860e-04
42	1.8388207536e-04
43	1.4876702335e-04
44	1.6235990915e-04
45	1.5518593136e-04
46	1.6689090990e-04
47	2.2088491824e-04
48	1.7444242258e-04
49	2.9828911647e-04
50	1.3253092766e-04
51	6.0261960607e-04
52	7.2269048542e-04
53	3.6172277760e-04
54	1.6311509535e-04
55	1.8614751752e-04
56	3.6814168561e-04
57	2.2466073278e-04
58	2.6808260009e-04
59	2.1371094044e-04
60	2.8356350958e-04
61	2.1824194118e-04
62	2.3863126989e-04
63	2.6581715792e-04
64	2.4425727315e-03
65	6.4151035622e-04
66	1.2671625009e-03
67	3.2283191103e-04
68	5.7694409043e-04
69	3.1377002597e-04
70	4.0816515684e-04
71	4.8103847075e-04
72	4.1156355292e-04
73	5.0709163770e-04
74	7.4119190685e-04
75	8.3747506142e-04
76	4.2666681111e-04
77	4.5536295511e-04
78	8.3898543380e-04
79	4.8066081945e-04
80	4.8821256496e-04
81	3.8668090710e-03
82	9.3375833239e-04
83	1.1614398099e-03
84	9.9454890005e-04
85	5.2861368749e-04
86	1.1520001572e-03
87	1.0711979121e-03
88	1.0636461666e-03
89	1.4340534108e-03
90	1.9962717779e-03
91	1.2456403347e-03
92	1.1916462099e-03
93	1.2339353561e-03
94	1.4778528130e-03
95	7.7253114432e-04
96	1.3694870286e-03
97	7.7857240103e-04
98	7.5591751374e-04
99	1.8803543644e-03
100	9.4282021746e-04
101	8.3671987522e-04
102	8.9297955856e-04
103	1.1927789310e-03
104	8.9146918617e-04
105	1.1478468077e-03
106	1.1455813656e-03
107	1.3158704387e-03
108	1.0995164048e-03
109	1.0187140433e-03
110	1.4484013664e-03
111	1.0753511451e-03
112	1.2614987791e-03
113	1.1350089917e-03
114	1.3532510493e-03
115	1.2437524274e-03
116	1.2867966434e-03
117	1.4064899879e-03
118	1.3241772540e-03
119	1.3377701398e-03
120	1.3808144722e-03
121	1.5560120810e-03
122	1.5363778220e-03
123	1.4517996460e-03
124	6.1723196413e-03
125	2.1238941699e-03
126	3.8501954405e-03
127	3.3532985253e-03
128	2.4017939577e-03
129	2.6555286022e-03
130	2.0121302223e-03
131	1.7599059502e-03
132	3.8890863070e-03
133	3.7652396131e-03
134	3.0297114281e-03
135	2.1291803569e-03
136	3.6406378495e-03
137	4.1817117017e-03
138	2.1805313881e-03
139	2.6880005607e-03
140	2.5717054959e-03
141	6.3195765251e-03
142	2.3311862024e-03
143	2.3255224805e-03
144	4.4901955407e-03
145	2.5086494861e-03
146	2.5690625189e-03
147	2.5607555872e-03
148	5.0452399300e-03
149	2.5939827319e-03
150	2.7835286455e-03
151	2.8220418608e-03
152	2.8303485597e-03
153	3.6950095091e-03
154	4.4539476512e-03
155	3.1131568830e-03
156	2.8918944299e-03
157	4.2711985298e-03
158	4.0242603282e-03
159	3.4971570130e-03
160	3.8271629019e-03
161	3.6636702716e-03
162	3.4031393006e-03
163	3.5700302105e-03
164	3.8248974597e-03
165	3.4926261287e-03
166	3.5798472818e-03
167	3.5284962505e-03
168	3.8652986987e-03
169	4.2387264548e-03
170	3.7342780270e-03
171	3.8864432136e-03
172	4.1628326289e-03
173	4.1684963508e-03
174	4.2206025682e-03
175	1.0774279363e-02
176	5.3159655072e-03
177	4.4935938204e-03
178	4.2443901766e-03
179	4.4664079323e-03
180	4.7122132964e-03
181	4.5181366149e-03
182	4.8874110216e-03
183	4.6559537295e-03
184	4.6763431747e-03
185	5.0082369708e-03
186	5.1604021573e-03
187	4.7899950296e-03
188	5.2631042199e-03
189	7.4175825575e-03
190	7.1015470894e-03
191	1.5784026589e-02
192	6.7568153609e-03
193	7.1075884625e-03
194	7.4319306295e-03
195	6.1047326308e-03
196	7.8272580868e-03
197	6.4162372146e-03
198	7.1653582854e-03
199	6.3093816862e-03
200	6.7190573318e-03
201	8.7572406046e-03
202	6.8991634762e-03
203	7.1268450702e-03
204	7.1336413966e-03
205	6.8791516824e-03
206	8.4227035986e-03
207	8.6250870954e-03
208	7.3020425625e-03
209	7.8767212108e-03
210	7.6577240834e-03
211	9.9692762597e-03
212	8.5246505914e-03
213	9.9062201334e-03
214	7.6656533638e-03
215	3.4476183471e-02
216	2.9231958324e-02
217	4.0451783454e-02
218	1.6373430728e-02
219	1.1273441603e-02
220	9.5373232616e-03
221	1.3757925946e-02
222	1.5006964444e-02
223	1.6025678487e-02
224	1.3531377190e-02
225	9.6981729148e-03
226	9.4772878801e-03
227	1.1678586365e-02
228	1.2096568593e-02
229	1.2514173402e-02
230	1.1315353098e-02
231	1.0582468123e-02
232	1.1538881226e-02
233	1.0043659713e-02
234	1.1217559571e-02
235	1.1244745459e-02
236	1.3182492112e-02
237	1.0782586178e-02
238	1.0815058020e-02
239	1.1452037608e-02
240	1.0812415043e-02
241	1.0232072789e-02
242	1.1048780871e-02
243	1.1205854709e-02
244	1.1220957851e-02
245	1.1659329641e-02
246	1.2209465494e-02
247	1.4484392130e-02
248	1.2370692682e-02
249	1.1849630508e-02
250	1.1706149671e-02
251	1.1705394601e-02
252	1.1991978623e-02
253	1.2680686777e-02
254	1.2271011248e-02
255	1.4116628096e-02
256	2.1181549761e-02
257	1.3081677957e-02
258	1.3925194391e-02
259	1.8738221843e-02
260	1.3265937567e-02
261	1.4229147229e-02
262	1.3724321150e-02
263	1.4444368426e-02
264	1.4383577975e-02
265	1.4542917255e-02
266	1.3988250401e-02
267	1.5224451199e-02
268	1.4830256463e-02
269	1.9178481423e-02
270	2.0636700094e-02
271	1.6340203700e-02
272	1.6392309917e-02
273	1.5498952824e-02
274	1.5861430671e-02
275	1.8192616990e-02
276	1.9769396167e-02
277	1.6562598990e-02
278	2.0471319556e-02
279	2.5480311597e-02
280	1.8732558121e-02
281	1.7942280625e-02
282	1.7671932583e-02
283	1.7449537176e-02
284	1.8578504911e-02
285	1.8230752670e-02
286	1.7377041630e-02
287	1.9517171895e-02
288	2.1685998188e-02
289	1.9542092225e-02
290	2.0618953742e-02
291	1.8793726224e-02
292	1.9040664309e-02
293	2.0438469946e-02
294	2.0247791428e-02
295	2.5490128668e-02
296	2.0966706099e-02
297	2.1289537894e-02
298	2.1195520181e-02
299	2.5294541614e-02
300	2.4640570977e-02
301	2.1784546901e-02
302	2.4206730304e-02
303	2.2264452651e-02
304	2.2133431979e-02
305	2.2491001291e-02
306	2.1175886039e-02
307	2.5019285036e-02
308	2.3210671032e-02
309	4.2864149669e-02
310	2.5249609491e-02
311	2.4996252498e-02
312	2.3690954316e-02
313	2.4568075431e-02
314	2.2885951214e-02
315	3.4296077210e-02
316	2.6486187824e-02
317	3.0115120811e-02
318	2.7056335588e-02
319	2.8347663232e-02
320	2.7301763301e-02
321	4.2007040349e-02
322	3.8065847941e-02
323	3.2131026732e-02
324	2.9776807874e-02
325	2.6948347338e-02
326	2.7815273614e-02
327	3.1314318534e-02
328	2.7479604003e-02
329	3.1306389370e-02
330	3.0757763889e-02
331	2.7087674709e-02
332	3.3915097942e-02
333	3.1739097438e-02
334	3.0450035236e-02
335	3.1625823118e-02
336	3.0606353888e-02
337	3.3455581521e-02
338	3.9400597452e-02
339	3.1529539963e-02
340	3.2239770168e-02
341	3.2323970692e-02
342	4.0570343961e-02
343	3.4554342856e-02
344	3.4492419567e-02
345	3.7718850770e-02
346	3.2882413245e-02
347	3.5594956600e-02
348	3.7136998144e-02
349	3.5889847437e-02
350	3.6600832944e-02
351	3.3810885390e-02
352	3.7414142746e-02
353	5.2351254737e-02
354	3.4491664381e-02
355	3.8133057416e-02
356	3.7700349349e-02
357	4.4260822586e-02
358	3.7068278412e-02
359	3.6869293079e-02
360	3.7099995185e-02
361	4.7244469053e-02
362	3.7250272464e-02
363	3.9568243432e-02
364	4.0759512107e-02
365	5.0296835368e-02
366	3.7786815432e-02
367	5.9742406593e-02
368	4.2691595037e-02
369	4.8857496004e-02
370	4.0196538670e-02
371	3.9289588574e-02
372	4.1632479872e-02
373	5.6691172998e-02
374	4.3716728105e-02
375	4.3998403591e-02
376	4.4576102868e-02
377	4.6134002740e-02
378	4.2699146667e-02
379	4.4321613153e-02
380	5.3652399452e-02
381	4.5788893593e-02
382	4.5445294701e-02
383	5.5670193513e-02
384	5.6670783553e-02
385	4.8041920643e-02
386	4.6409259434e-02
387	6.0625568964e-02
388	4.7465354088e-02
389	4.6239725547e-02
390	6.9411128177e-02
391	5.4848954314e-02
392	4.7253908589e-02
393	6.1131527764e-02
394	4.8567513586e-02
395	5.6296978262e-02
396	6.5150124370e-02
397	5.2603101358e-02
398	5.0151466625e-02
399	6.2203858281e-02
400	5.6772730430e-02
401	5.3216293221e-02
402	5.9233049629e-02
403	6.4083079924e-02
404	5.4221414379e-02
405	6.6089168773e-02
406	6.5919257235e-02
407	5.4535939591e-02
408	6.1856106040e-02
409	6.2518383493e-02
410	5.7084235013e-02
411	1.0164825513e-01
412	5.8738795691e-02
413	8.6554069421e-02
414	5.9786205995e-02
415	6.2671303865e-02
416	7.1601476637e-02
417	6.0399397858e-02
418	7.1146868868e-02
419	6.6632130533e-02
420	6.6291174851e-02
421	7.9265997279e-02
422	6.2889545807e-02
423	6.1878005741e-02
424	6.8654077826e-02
425	6.6701605567e-02
426	1.0704238014e-01
427	6.9579906878e-02
428	7.0424178499e-02
429	7.8042256646e-02
430	8.1255094963e-02
431	8.7547107949e-02
432	6.5315127373e-02
433	7.3636261630e-02
434	9.3077917350e-02
435	7.9885608051e-02
436	7.5521902181e-02
437	8.5039968835e-02
438	8.0228829291e-02
439	7.0477794972e-02
440	8.2237561233e-02
441	9.7923416644e-02
442	1.0064049100e-01
443	7.5022739824e-02
444	8.3279307815e-02
445	1.4898221102e-01
446	8.7283933884e-02
447	1.0993805027e-01
448	7.8134763986e-02
449	8.1852805917e-02
450	7.5284403632e-02
451	1.1021368450e-01
452	8.3562116139e-02
453	1.2201762781e-01
454	8.1121053663e-02
455	1.0539235023e-01
456	8.7440252420e-02
457	1.3394277461e-01
458	9.1597043793e-02
459	1.3161989511e-01
460	8.8194282143e-02
461	8.7278270163e-02
462	1.4406044025e-01
463	1.0461717611e-01
464	9.4339793664e-02
465	9.7698755912e-02
466	1.1160091776e-01
467	1.3496677473e-01
468	9.9935924518e-02
469	1.3865725335e-01
470	1.0768313531e-01
471	1.6685350647e-01
472	1.0011527559e-01
473	1.9162169995e-01
474	1.1734052945e-01
475	1.0055629036e-01
476	1.2755523354e-01
477	1.4293977921e-01
478	1.1092693533e-01
479	1.7087625642e-01
480	1.0629288142e-01
481	1.0446161265e-01
482	1.2489857222e-01
483	1.0900089366e-01
484	1.2986074423e-01
485	1.4027065784e-01
486	1.6315962968e-01
487	1.3243735826e-01
488	1.1262982665e-01
489	1.3160970039e-01
490	1.0836655740e-01
491	1.6090698028e-01
492	1.0284216690e-01
493	1.5267419990e-01
494	1.0749019135e-01
495	1.3363240287e-01
496	1.2020863628e-01
497	1.3495431456e-01
498	1.0988292331e-01
499	1.6614063305e-01
500	1.1796089541e-01
501	1.1888672446e-01
502	1.5070964501e-01
503	1.4424998593e-01
504	1.2302237132e-01
505	1.3323858567e-01
506	1.6027944034e-01
507	1.6557086317e-01
508	1.3369545888e-01
509	1.6156623699e-01
510	1.2348906160e-01
511	1.5537994681e-01
512	2.5680920482e-01
513	1.4820779196e-01
514	1.5410598787e-01
515	1.6707854485e-01
516	1.3756830909e-01
517	1.4036014455e-01
518	1.6275184182e-01
519	1.4465852885e-01
520	1.4087138942e-01
521	1.5296833566e-01
522	2.1239508432e-01
523	1.6991531232e-01
524	1.5537012962e-01
525	1.7265504145e-01
526	1.3599530596e-01
527	1.7688772664e-01
528	1.4046737761e-01
529	1.6417305754e-01
530	2.1239583951e-01
531	1.9098736346e-01
532	1.4710298949e-01
533	1.8653115036e-01
534	1.5307481354e-01
535	2.3039664526e-01
536	1.6010688571e-01
537	2.2726347647e-01
538	1.6350738192e-01
539	1.7937372113e-01
540	1.5078176302e-01
541	2.3522175534e-01
542	1.5528441872e-01
543	1.8431135046e-01
544	1.5197416442e-01
545	2.1089193365e-01
546	2.4306751485e-01
547	1.8758573453e-01
548	1.5788028936e-01
549	1.9320754090e-01
550	1.6870516469e-01
551	2.4876068404e-01
552	1.9170627801e-01
553	2.0443756075e-01
554	1.8392546254e-01
555	2.5303830148e-01
556	1.6712007870e-01
557	2.7834945673e-01
558	1.9438559411e-01
559	2.2692289832e-01
560	1.7912716058e-01
561	2.5271320401e-01
562	2.0531354903e-01
563	2.7993454249e-01
564	2.1495017631e-01
565	2.5533890375e-01
566	2.1406625863e-01
567	2.9403455707e-01
568	1.8426415278e-01
569	2.6349579007e-01
570	2.3224301729e-01
571	2.8752770030e-01
572	1.9636336458e-01
573	2.5490241987e-01
574	2.8205277305e-01
575	3.7981420732e-01
576	2.2396190651e-01
577	3.8103190681e-01
578	2.8265539254e-01
579	3.5300027905e-01
580	2.3054239154e-01
581	3.0653513758e-01
582	2.6485357212e-01
583	3.5842725355e-01
584	3.0086273525e-01
585	3.7157538580e-01
586	6.3821907039e-01
587	9.2896376248e-01
588	5.0543811312e-01
589	5.7141098694e-01
590	2.8729095683e-01
591	3.4646585886e-01
592	2.4452082487e-01
593	3.3147664077e-01
594	2.7553723194e-01
595	3.9163363155e-01
596	2.5442364684e-01
597	3.4616077330e-01
598	3.8710794330e-01
599	4.0360144491e-01
600	2.3165701132e-01
601	4.0984852577e-01
602	2.6961826929e-01
603	3.9799927280e-01
604	2.4039839348e-01
605	4.3109199882e-01
606	3.7447407655e-01
607	4.2256055179e-01
608	2.6005640312e-01
609	4.3090736156e-01
610	4.2788444657e-01
611	3.7531948090e-01
612	2.6146100508e-01
613	5.3138813574e-01
614	4.9449241196e-01
615	6.8925445457e-01
616	2.4785788753e-01
617	4.7782975400e-01
618	3.1072138017e-01
619	4.2626462318e-01
620	3.7015190464e-01
621	4.4676426135e-01
622	3.5238368902e-01
623	4.5379784377e-01
624	3.0556928483e-01
625	4.7058585880e-01
626	4.0831139276e-01
627	5.0728297478e-01
628	3.0744473066e-01
629	4.6291303134e-01
630	3.9998497220e-01
631	4.8976849369e-01
632	2.6825444587e-01
633	4.7820318176e-01
634	3.9893114322e-01
635	4.1463663289e-01
636	2.9537157190e-01
637	4.2849348509e-01
638	3.7631554005e-01
639	4.9254258256e-01
640	3.2183699287e-01
641	5.7029674482e-01
642	3.8071700407e-01
643	5.5839236500e-01
644	3.0834073073e-01
645	4.6145065932e-01
646	4.2990186287e-01
647	4.7147015389e-01
648	3.1375675544e-01
649	5.1304486382e-01
650	3.9600866474e-01
651	5.2367339679e-01
652	3.0733787513e-01
653	5.1190003764e-01
654	4.4422578299e-01
655	5.9100405255e-01
656	3.1477056083e-01
657	5.3990636743e-01
658	4.2558308912e-01
659	5.2195313689e-01
660	3.3798689570e-01
661	5.1607495290e-01
662	3.9654973859e-01
663	4.9018270022e-01
664	3.4657384723e-01
665	4.9449241185e-01
666	4.4110733992e-01
667	5.8735170972e-01
668	3.6720299558e-01
669	5.2526150330e-01
670	4.3005062989e-01
671	5.4652158986e-01
672	4.0059778653e-01
673	6.3628849771e-01
674	5.5544421112e-01
675	6.1006510642e-01
676	4.0424975194e-01
677	6.0060745268e-01
678	5.8713648852e-01
679	5.8731848258e-01
680	3.9849428169e-01
681	6.2631884392e-01
682	5.4644154268e-01
683	6.6425518144e-01
684	4.3944409466e-01
685	6.5353791683e-01
686	4.7902442084e-01
687	7.0636039285e-01
688	4.6153070650e-01
689	6.5228963341e-01
690	5.0594671501e-01
691	5.8257983858e-01
692	4.6094998671e-01
693	7.1322935005e-01
694	5.3773112211e-01
695	6.8585999974e-01
696	4.0138391056e-01
697	6.9023692084e-01
698	5.9787791816e-01
699	1.1149602578e+00
700	4.5162033301e-01
701	7.1752811188e-01
702	5.8069306542e-01
703	6.8223106686e-01
704	4.2788406904e-01
705	7.5339870260e-01
706	6.7007521796e-01
707	7.7317753830e-01
708	4.4234844926e-01
709	6.5165454196e-01
710	6.3951002050e-01
711	7.3482850450e-01
712	4.5755213359e-01
713	6.7782544950e-01
714	8.0659347377e-01
715	1.5231379867e+00
716	4.7183300939e-01
717	7.4435487809e-01
718	6.3535436185e-01
719	7.2525644372e-01
720	5.5456860026e-01
721	7.6231377223e-01
722	6.3338754140e-01
723	8.3895595779e-01
724	5.6348027161e-01
725	7.8630490357e-01
726	7.1191159158e-01
727	8.8474069803e-01
728	5.0617892738e-01
729	7.4298878922e-01
730	6.7674292426e-01
731	8.7556434225e-01
732	4.8987799219e-01
733	8.0997282546e-01
734	6.0378593113e-01
735	8.3993049490e-01
736	5.7662878139e-01
737	9.5562930137e-01
738	7.4931969307e-01
739	8.2369299326e-01
740	5.7802885259e-01
741	7.8938823170e-01
742	7.0431503560e-01
743	7.9157480435e-01
744	5.5238165008e-01
745	8.3756947960e-01
746	1.0124915185e+00
747	8.6184379703e-01
748	5.9978243767e-01
749	8.5742269875e-01
750	7.5450690358e-01
751	8.2238429692e-01
752	5.7782609144e-01
753	8.3346479456e-01
754	6.3791285199e-01
755	9.1883363668e-01
756	6.1679473589e-01
757	9.5388412103e-01
758	7.2176797106e-01
759	9.0713390580e-01
760	6.1133302387e-01
761	8.9707061183e-01
762	7.3954713671e-01
763	9.8278267519e-01
764	6.6420232004e-01
765	9.3025169184e-01
766	7.1592565731e-01
767	8.9920356800e-01
768	7.2773186595e-01
769	1.0005490030e+00
770	7.9164012580e-01
771	9.1968659253e-01
772	6.1289960833e-01
773	8.9600998629e-01
774	7.6990013360e-01
775	1.0558019693e+00
776	5.9362257808e-01
777	9.3374658341e-01
778	8.0336628726e-01
779	9.4187703915e-01
780	6.1734713719e-01
781	9.8129991384e-01
782	7.3998399812e-01
783	1.0226850780e+00
784	7.0129853953e-01
785	1.0261512734e+00
786	8.6289724847e-01
787	1.0164512126e+00
788	7.2719796619e-01
789	9.8997899517e-01
790	8.3332773251e-01
791	1.0351709330e+00
792	6.5666126856e-01
793	1.0354930096e+00
794	9.0170919674e-01
795	1.0234466593e+00
796	7.3553080554e-01
797	1.0346887617e+00
798	8.9015143656e-01
799	1.0148585751e+00
800	6.8037525530e-01
801	1.0537245175e+00
812	7.7648779261e-01
823	1.1306079774e+00
834	1.1112863928e+00
845	1.2527841893e+00
856	8.6632417538e-01
867	1.3647634435e+00
878	1.3027770718e+00
889	1.5602168373e+00
900	1.0078691696e+00
911	1.6848205187e+00
922	1.4644101408e+00
933	1.8310086288e+00
944	1.3393424121e+00
955	1.9487554358e+00
966	1.7300007513e+00
977	2.1566995929e+00
988	1.4644180700e+00
999	2.3636461807e+00
1010	2.0517184286e+00
1021	2.1211163416e+00
1032	2.5212568771e+00
1043	2.4953646245e+00
1054	2.1711639733e+00
1065	3.2921560906e+00
1076	2.3795057236e+00
1087	2.8168512221e+00
1098	2.4871163634e+00
1109	3.4397846730e+00
1120	2.3312497145e+00
1131	3.1376358962e+00
1142	3.1354266686e+00
1153	3.5497733192e+00
1164	2.8034886237e+00
1175	3.6319961548e+00
1186	3.3262346811e+00
1197	4.0158164987e+00
1208	2.8890390823e+00
1219	4.0600603300e+00
1230	3.8315995435e+00
1241	4.4536358615e+00
1252	3.5681479303e+00
1263	4.6901953870e+00
1274	4.2964612714e+00
1285	4.8044658038e+00
1296	3.8541181082e+00
1307	5.4380338291e+00
1318	4.6550406901e+00
1329	5.4856415312e+00
1340	4.2073049123e+00
1351	5.9974007311e+00
1362	6.0516455554e+00
1373	5.9533422921e+00
1384	4.9062371504e+00
1395	6.0355394521e+00
1406	6.8128163895e+00
1417	6.8854531937e+00
1428	6.0594278814e+00
1439	8.0975382839e+00
1450	7.0897008311e+00
1461	8.6864456281e+00
1472	6.5449474539e+00
1483	7.8060006713e+00
1494	8.0027740890e+00
1505	8.7763137276e+00
1516	8.0602272208e+00
1527	1.0286475382e+01
1538	9.1521474742e+00
1549	1.0612593768e+01
1560	8.1096269233e+00
1571	1.1008651518e+01
1582	1.0587611863e+01
1593	1.2200926056e+01
1604	9.8887940322e+00
1615	1.2964488489e+01
1626	1.2820427293e+01
1637	1.3890128026e+01
1648	1.1055965084e+01
1659	1.4610967525e+01
1670	1.3751138124e+01
1681	1.6208726506e+01
1692	1.2845201528e+01
1703	1.6940323293e+01
1714	1.5503817157e+01
1725	1.7978887548e+01
1736	1.4153441067e+01
1747	1.8247732908e+01
1758	1.7079238056e+01
1769	2.0071427412e+01
1780	1.5852125235e+01
1791	2.0756457110e+01
