1000	2.5788787752e-04
2000	5.0520361401e-04
3000	8.2237191964e-04
4000	1.1361417128e-03
5000	1.2766019208e-03
6000	1.4589737402e-03
7000	1.8157878658e-03
8000	2.1140770987e-03
9000	2.3123072460e-03
10000	2.1850623889e-03
11000	2.8530034469e-03
12000	3.1456289580e-03
13000	3.0674695736e-03
14000	3.4212631872e-03
15000	5.0425968366e-03
16000	4.0023606271e-03
17000	4.3610627763e-03
18000	8.5004853318e-03
19000	7.0286738919e-03
20000	3.8875759346e-03
21000	3.4707263112e-03
22000	3.5300065065e-03
23000	2.9972394696e-03
24000	2.8424313059e-03
25000	2.8405433986e-03
26000	3.7863842444e-03
27000	3.0470802449e-03
28000	2.6981952833e-03
29000	3.6047676113e-03
30000	6.4611693379e-03
31000	4.5702427160e-03
32000	4.2949860217e-03
33000	2.4172747508e-03
34000	2.8360122815e-03
35000	2.8073161375e-03
36000	3.5688973730e-03
37000	6.7692756420e-03
38000	3.1056052539e-03
39000	7.8091342002e-03
40000	3.3974755788e-03
41000	3.4341008868e-03
42000	3.0803073896e-03
43000	3.0844607390e-03
44000	4.2077647522e-03
45000	3.9038120303e-03
46000	3.4948914545e-03
47000	3.8894638419e-03
48000	4.0080243489e-03
49000	4.1730273515e-03
50000	4.2232455453e-03
51000	4.4645200251e-03
52000	6.9716591388e-03
53000	4.7023962252e-03
54000	4.5298415935e-03
55000	5.2396942629e-03
56000	5.2446027985e-03
57000	5.9472812572e-03
58000	4.8617353896e-03
59000	5.0973460311e-03
60000	5.4503844585e-03
61000	1.3446799014e-02
62000	5.4847444408e-03
63000	5.5923550390e-03
64000	6.2837062869e-03
65000	9.3949752627e-03
66000	6.2078123447e-03
67000	6.8897240562e-03
68000	5.6761780288e-03
69000	7.9556356650e-03
70000	7.5119778048e-03
71000	6.0295941075e-03
72000	7.1192934411e-03
73000	6.7462432198e-03
74000	5.6674936786e-03
75000	6.2414171407e-03
76000	6.8444142817e-03
77000	7.9231637064e-03
78000	6.7368036835e-03
79000	6.4033993986e-03
80000	6.6646856721e-03
81000	7.1336415131e-03
82000	5.8562842896e-03
83000	7.1204261621e-03
84000	6.1319185188e-03
85000	6.9459836232e-03
86000	7.4651577743e-03
87000	6.4690986183e-03
88000	6.9765676744e-03
89000	8.2712935982e-03
90000	7.4708214961e-03
91000	7.8925796552e-03
92000	8.2769573200e-03
93000	7.6705618994e-03
94000	7.0471754298e-03
95000	7.9990575323e-03
96000	8.7644145824e-03
97000	9.7634944832e-03
98000	7.2922256077e-03
99000	8.2003083080e-03
100000	8.3434116095e-03
101000	8.4310104139e-03
102000	8.3985384554e-03
103000	8.6998483166e-03
104000	7.8835177701e-03
105000	7.8351872507e-03
106000	7.6947270427e-03
107000	9.8797894316e-03
108000	8.9728394523e-03
109000	8.3169810241e-03
110000	9.9126390414e-03
111000	9.5539368922e-03
112000	8.7183496216e-03
113000	1.7298882245e-02
114000	1.0436721728e-02
115000	9.8809221527e-03
116000	1.0173925315e-02
117000	1.0000615497e-02
118000	1.0659494554e-02
119000	9.4429280143e-03
120000	1.0324957664e-02
121000	1.0841488838e-02
122000	1.3925949461e-02
123000	1.4363943716e-02
124000	1.1188485892e-02
125000	1.8970434205e-02
126000	2.0840593847e-02
127000	9.6135947388e-03
128000	1.1037830962e-02
129000	1.1263624532e-02
130000	1.1542657041e-02
131000	1.2326893164e-02
132000	9.7162968013e-03
133000	9.7385741537e-03
134000	1.2570810621e-02
135000	1.0070090415e-02
136000	1.0024780640e-02
137000	1.0173170012e-02
138000	9.9632350029e-03
139000	1.0028933990e-02
140000	1.0454845615e-02
141000	1.0818833834e-02
142000	1.1119766161e-02
143000	1.0962692322e-02
144000	1.0628533084e-02
145000	1.0604367824e-02
146000	1.0581712821e-02
147000	1.0824497673e-02
148000	1.1271553813e-02
149000	1.1841701344e-02
150000	1.1974609923e-02
151000	1.1137512513e-02
152000	1.1074833921e-02
153000	1.1294208583e-02
154000	1.1116367881e-02
155000	1.1327058193e-02
156000	1.1423341348e-02
157000	1.1386338389e-02
158000	1.1323660030e-02
159000	1.1511317804e-02
160000	1.1610244052e-02
161000	1.1960639502e-02
162000	1.2742610066e-02
163000	1.1899848818e-02
164000	1.1914197006e-02
165000	1.2113559758e-02
166000	1.2083353358e-02
167000	1.2153960997e-02
168000	1.2221170356e-02
169000	1.2274409411e-02
170000	1.2338220724e-02
171000	1.2483967002e-02
172000	1.2508509797e-02
173000	1.3280285755e-02
174000	1.3771518832e-02
175000	1.3451330015e-02
176000	1.2792828376e-02
177000	1.2934798840e-02
178000	1.3151908061e-02
179000	1.3076769421e-02
180000	1.3058267883e-02
181000	1.3000120525e-02
182000	1.3069217792e-02
183000	1.3252344681e-02
184000	1.3858739985e-02
185000	1.4830634114e-02
186000	1.3614822528e-02
187000	1.4451920055e-02
188000	1.3446799014e-02
189000	1.3664663420e-02
190000	1.3728474616e-02
191000	1.4026008546e-02
192000	1.3958044001e-02
193000	1.5731920372e-02
194000	1.5610716771e-02
195000	1.4310327242e-02
196000	1.5440805233e-02
197000	1.4660345041e-02
198000	1.4361678273e-02
199000	1.4809867018e-02
200000	1.4442858170e-02
201000	1.4648262295e-02
202000	1.4668651740e-02
203000	1.4588226913e-02
204000	1.4978645835e-02
205000	1.4945796342e-02
206000	1.5395495459e-02
207000	1.5629973495e-02
208000	1.5128545580e-02
209000	1.5526893781e-02
210000	1.5306764049e-02
211000	1.5341123799e-02
212000	1.5542374575e-02
213000	1.5395495575e-02
214000	1.5465725563e-02
215000	1.5734941000e-02
216000	1.5932415961e-02
217000	1.6085336334e-02
218000	1.6066834913e-02
219000	1.6144238994e-02
220000	1.7130858614e-02
221000	1.6207295121e-02
222000	1.6069478006e-02
223000	1.6066834913e-02
224000	1.5928640147e-02
225000	1.7522410373e-02
226000	1.6944711097e-02
227000	1.6789902933e-02
228000	1.7238846864e-02
229000	1.6716274549e-02
230000	1.6787637374e-02
231000	1.6838233219e-02
232000	1.6589029692e-02
233000	1.6863531200e-02
234000	1.8748038914e-02
235000	1.7075354233e-02
236000	1.7367979628e-02
237000	1.7042882158e-02
238000	1.7167106504e-02
239000	1.7495979671e-02
240000	1.7135012080e-02
241000	1.7219590256e-02
242000	1.7527319025e-02
243000	1.8093690742e-02
244000	1.9589289790e-02
245000	1.7892062431e-02
246000	1.8453525612e-02
247000	1.7854681821e-02
248000	1.7957006348e-02
249000	1.8082740833e-02
250000	1.8376876600e-02
251000	1.8509785179e-02
252000	1.9618363585e-02
253000	1.8240192207e-02
254000	1.8050268875e-02
255000	1.8395000487e-02
256000	1.8365549156e-02
257000	1.8238681834e-02
258000	1.8599649542e-02
259000	1.8664215924e-02
260000	2.1024098271e-02
261000	1.8929277896e-02
262000	1.9739189534e-02
263000	1.9104097970e-02
264000	1.9081443083e-02
265000	1.8930788268e-02
266000	1.8940605340e-02
267000	1.9197738147e-02
268000	2.1980889142e-02
269000	1.9707472762e-02
270000	1.9518682151e-02
271000	1.9550399040e-02
272000	1.9479036215e-02
273000	1.9528121687e-02
274000	2.0031059859e-02
275000	2.0339543698e-02
276000	2.0789998001e-02
277000	2.0296499366e-02
278000	2.0347095211e-02
279000	2.0106576034e-02
280000	1.9971024478e-02
281000	2.0405997988e-02
282000	2.0641608629e-02
283000	2.1270281286e-02
284000	2.0635189721e-02
285000	2.0672570216e-02
286000	2.0999178058e-02
287000	2.0547590917e-02
288000	2.0950470003e-02
289000	2.1133219358e-02
290000	2.1555732703e-02
291000	2.1153231035e-02
292000	2.1017301828e-02
293000	2.1024098387e-02
294000	2.1164558479e-02
295000	2.1170599852e-02
296000	2.1161537967e-02
297000	2.3875213927e-02
298000	2.2691874416e-02
299000	2.1863839007e-02
300000	2.1550824167e-02
301000	2.1784169250e-02
302000	2.1593868383e-02
303000	2.2642411292e-02
304000	2.4184452952e-02
305000	2.2252747556e-02
306000	2.2353939363e-02
307000	2.2240287391e-02
308000	2.1987308050e-02
309000	2.2103980533e-02
310000	2.2856499883e-02
311000	2.2704334697e-02
312000	2.2675260901e-02
313000	2.2746623843e-02
314000	2.2578977747e-02
315000	2.2865561885e-02
316000	2.2939567687e-02
317000	2.4636795162e-02
318000	2.2770411335e-02
319000	2.3303178372e-02
320000	2.2649207851e-02
321000	2.3194812704e-02
322000	2.2964110482e-02
323000	2.3547473364e-02
324000	2.4238069425e-02
325000	2.4010765599e-02
326000	2.3667166708e-02
327000	2.3640358471e-02
328000	2.3392665084e-02
329000	2.3968854104e-02
330000	2.5323992944e-02
331000	2.4016806856e-02
332000	2.3954506032e-02
333000	2.3877479369e-02
334000	2.4054942536e-02
335000	2.3948842310e-02
336000	2.5164276129e-02
337000	2.4744783412e-02
338000	2.5123119820e-02
339000	2.4486517883e-02
340000	2.4368712562e-02
341000	2.4681349867e-02
342000	2.6045550592e-02
343000	2.6903037564e-02
344000	2.4998140405e-02
345000	2.5051379343e-02
346000	2.5020417641e-02
347000	2.4481231696e-02
348000	2.5774447364e-02
349000	2.5609821896e-02
350000	2.5040807086e-02
351000	2.5306624244e-02
352000	2.5444819010e-02
353000	2.5288878009e-02
354000	2.6869432768e-02
355000	2.5598494452e-02
356000	2.5806541671e-02
357000	2.5588299846e-02
358000	2.5811450323e-02
359000	2.5569420774e-02
360000	2.7184335515e-02
361000	2.6397833950e-02
362000	2.6039886870e-02
363000	2.6213196688e-02
364000	2.6428418001e-02
365000	2.7543037664e-02
366000	2.7073326637e-02
367000	2.6876984397e-02
368000	2.6471462217e-02
369000	2.6892465190e-02
370000	2.6863769046e-02
371000	2.7700111386e-02
372000	2.7392005199e-02
373000	2.7089940151e-02
374000	2.6685928344e-02
375000	2.7304783929e-02
376000	2.6981952018e-02
377000	2.7342164423e-02
378000	2.6998187997e-02
379000	2.7413149714e-02
380000	2.7478093631e-02
381000	2.7560406481e-02
382000	2.9587639845e-02
383000	2.8311037808e-02
384000	2.8040689649e-02
385000	2.8099969844e-02
386000	2.7713326737e-02
387000	2.9433964286e-02
388000	2.8685598401e-02
389000	2.7997645433e-02
390000	2.7979521547e-02
391000	2.7979143895e-02
392000	2.8979734052e-02
393000	3.0656194664e-02
394000	2.8823037865e-02
395000	2.8748276760e-02
396000	2.8268371127e-02
397000	2.9157197219e-02
398000	3.0224241666e-02
399000	2.9676749022e-02
400000	2.9127745889e-02
401000	2.8802648420e-02
402000	2.8803781257e-02
403000	3.0388489482e-02
404000	2.9040902155e-02
405000	2.8959722258e-02
406000	2.8567037778e-02
407000	2.9199863900e-02
408000	3.0894070747e-02
409000	2.9327108758e-02
410000	2.9752265196e-02
411000	2.9627663433e-02
412000	2.9806259321e-02
413000	3.1315451371e-02
414000	3.1894283369e-02
415000	2.9765480547e-02
416000	2.9581220821e-02
417000	2.9969374416e-02
418000	3.2315663993e-02
419000	3.0601445236e-02
420000	3.0634294846e-02
421000	2.9976926045e-02
422000	3.0664123828e-02
423000	3.2278283383e-02
424000	3.0849138624e-02
425000	3.0336005730e-02
426000	3.0939758057e-02
427000	3.0521775712e-02
428000	3.2611687551e-02
429000	3.0874436488e-02
430000	3.0892182840e-02
431000	3.1274672598e-02
432000	3.0976005830e-02
433000	3.2143109362e-02
434000	3.1669622520e-02
435000	3.1734566437e-02
436000	3.1611474929e-02
437000	3.2040784834e-02
438000	3.1934306840e-02
439000	3.6025776761e-02
440000	3.3142189146e-02
441000	3.4007605282e-02
442000	3.5311393091e-02
443000	3.2311510528e-02
444000	3.1780631281e-02
445000	3.2002649154e-02
446000	3.3445764449e-02
447000	3.4626083332e-02
448000	3.2444796641e-02
449000	3.2830307027e-02
450000	3.2389292144e-02
451000	3.4346673172e-02
452000	3.3194295364e-02
453000	3.2576950151e-02
454000	3.2566755428e-02
455000	3.2948112348e-02
456000	3.3325693570e-02
457000	3.3371003345e-02
458000	3.2946224557e-02
459000	3.3271699562e-02
460000	3.4574732184e-02
461000	3.3828631742e-02
462000	3.3704785164e-02
463000	3.3330979757e-02
464000	3.4329682007e-02
465000	3.3853552188e-02
466000	3.3808997599e-02
467000	3.3348348457e-02
468000	3.3513351460e-02
469000	3.5139215994e-02
470000	3.4297965234e-02
471000	3.3775770455e-02
472000	3.3865634818e-02
473000	3.4977611387e-02
474000	3.4965151222e-02
475000	3.4053670242e-02
476000	3.4299097955e-02
477000	3.4169210005e-02
478000	3.6619334365e-02
479000	3.4846590715e-02
480000	3.4416148090e-02
481000	3.4273422440e-02
482000	3.6775275366e-02
483000	3.5151298740e-02
484000	3.4704242484e-02
485000	3.4945139429e-02
486000	3.6071841605e-02
487000	3.5357080400e-02
488000	3.5075027263e-02
489000	3.5313658533e-02
490000	3.5996325314e-02
491000	3.5603263415e-02
492000	3.5193210118e-02
493000	3.5060301656e-02
494000	3.5553422640e-02
495000	3.6814921419e-02
496000	3.5753163043e-02
497000	3.5149410833e-02
498000	3.5454118857e-02
499000	3.7341269664e-02
500000	3.5374826752e-02
501000	3.6722791614e-02
502000	3.6596301943e-02
503000	3.8045458496e-02
504000	3.7290673703e-02
505000	3.6098649958e-02
506000	3.6469057086e-02
507000	3.9070969098e-02
508000	3.7044113153e-02
509000	3.6915358040e-02
510000	3.6546083633e-02
511000	3.7887629587e-02
512000	3.7052419968e-02
513000	3.6697871285e-02
514000	3.7035806454e-02
515000	3.7525151623e-02
516000	3.8350544055e-02
517000	3.6907806410e-02
518000	3.7235169322e-02
519000	3.8929376169e-02
520000	3.7262732745e-02
521000	3.7362036644e-02
522000	3.7309552776e-02
523000	3.8883688743e-02
524000	3.8435122231e-02
525000	3.8483452750e-02
526000	3.7779641454e-02
527000	3.9277883596e-02
528000	3.8536314038e-02
529000	3.8647700567e-02
530000	3.8026579539e-02
531000	3.9181222790e-02
532000	3.8611452677e-02
533000	3.8493647357e-02
534000	3.8181010168e-02
535000	4.1732916376e-02
536000	3.8364514592e-02
537000	3.8871606113e-02
538000	3.8647322915e-02
539000	4.0874674451e-02
540000	3.8981482270e-02
541000	3.8349411450e-02
542000	3.8372066221e-02
543000	4.0515972301e-02
544000	3.9351511863e-02
545000	3.8816479384e-02
546000	3.9277505944e-02
547000	4.0900349966e-02
548000	3.9844632847e-02
549000	3.9081541356e-02
550000	4.1588302818e-02
551000	4.0237317327e-02
552000	3.9030190324e-02
553000	3.9754013414e-02
554000	4.0495205321e-02
555000	4.0781411808e-02
556000	4.0116869030e-02
557000	3.9497635793e-02
558000	4.1818249738e-02
559000	4.0834273212e-02
560000	4.0171240689e-02
561000	4.0560526890e-02
562000	4.4788681087e-02
563000	4.0741765755e-02
564000	4.0722886799e-02
565000	4.0939618368e-02
566000	4.2850179248e-02
567000	4.1027972242e-02
568000	4.0397411794e-02
569000	4.4833235559e-02
570000	4.4579501031e-02
571000	4.1385541786e-02
572000	4.1014757007e-02
573000	4.2287960765e-02
574000	4.1640031501e-02
575000	4.0889777592e-02
576000	4.2025541887e-02
577000	4.2443146580e-02
578000	4.0940751089e-02
579000	4.2268704157e-02
580000	4.3461105553e-02
581000	4.1775583057e-02
582000	4.1845435626e-02
583000	4.1556586046e-02
584000	4.3068421073e-02
585000	4.2000621441e-02
586000	4.2444279417e-02
587000	4.4787170715e-02
588000	4.2043288122e-02
589000	4.2694238131e-02
590000	4.1894521215e-02
591000	4.5097542461e-02
592000	4.2547359131e-02
593000	4.2872456484e-02
594000	4.3850769405e-02
595000	4.3185471208e-02
596000	4.3326686602e-02
597000	4.2876232299e-02
598000	4.4849471538e-02
599000	4.2857730878e-02
600000	4.3106934289e-02
601000	4.3567960965e-02
602000	4.3277601129e-02
603000	4.3578533223e-02
604000	4.3346320977e-02
605000	4.8958310043e-02
606000	4.4196256087e-02
607000	4.3399559800e-02
608000	4.5725082397e-02
609000	4.4477554155e-02
610000	4.3900232529e-02
611000	4.3695961125e-02
612000	4.7911277507e-02
613000	4.4174734037e-02
614000	4.3700114358e-02
615000	4.7801401350e-02
616000	4.4739973033e-02
617000	4.4063725160e-02
618000	4.5034108800e-02
619000	4.5259524719e-02
620000	4.3973105727e-02
621000	4.4312551036e-02
622000	4.6581058996e-02
623000	4.4827194302e-02
624000	4.5015984913e-02
625000	4.5011831447e-02
626000	4.5039394870e-02
627000	4.4633872691e-02
628000	4.5542333042e-02
629000	4.5572161907e-02
630000	4.5232716482e-02
631000	4.5458510052e-02
632000	4.7391725704e-02
633000	4.5293884585e-02
634000	4.5227052877e-02
635000	5.0002699718e-02
636000	4.6087938012e-02
637000	4.5978816925e-02
638000	4.9504670198e-02
639000	4.5752645819e-02
640000	4.5800976106e-02
641000	4.6089070616e-02
642000	4.7465354204e-02
643000	4.5856480720e-02
644000	4.5907831751e-02
645000	4.8135938356e-02
646000	4.6376787475e-02
647000	4.6487041167e-02
648000	4.9044021056e-02
649000	4.6924280236e-02
650000	4.5961825876e-02
651000	4.8849189188e-02
652000	4.6891053091e-02
653000	4.6962793451e-02
654000	4.7994345427e-02
655000	4.7537472099e-02
656000	4.7046239022e-02
657000	4.7364539932e-02
658000	4.8908847035e-02
659000	4.7224834911e-02
660000	4.7071914421e-02
661000	4.7763643204e-02
662000	4.7856905847e-02
663000	4.8323596129e-02
664000	5.1003667410e-02
665000	4.7741365968e-02
666000	4.6748327441e-02
667000	4.9570746836e-02
668000	4.7593731782e-02
669000	4.8063820344e-02
670000	5.0740493345e-02
671000	4.8950758413e-02
672000	4.8030970735e-02
673000	5.0961000728e-02
674000	4.8701932421e-02
675000	4.8332658131e-02
676000	5.0026487326e-02
677000	4.9231301295e-02
678000	4.8503702390e-02
679000	5.1704080659e-02
680000	4.8981342581e-02
681000	4.8622640432e-02
682000	5.2813791670e-02
683000	4.8831442837e-02
684000	4.9158428097e-02
685000	5.0759372418e-02
686000	4.9924540333e-02
687000	4.9753118423e-02
688000	5.2197579178e-02
689000	4.9353637733e-02
690000	4.9220351502e-02
691000	5.1642534789e-02
692000	5.0133720390e-02
693000	4.9688552041e-02
694000	5.1174711785e-02
695000	4.9908682005e-02
696000	5.0147313392e-02
697000	5.1436375477e-02
698000	4.9969850108e-02
699000	4.9932469614e-02
700000	5.3638051497e-02
701000	5.4220659193e-02
702000	5.0026109675e-02
703000	5.2339172107e-02
704000	5.2196068806e-02
705000	5.0115974038e-02
706000	5.1784505253e-02
707000	5.0610227860e-02
708000	5.0436162855e-02
709000	5.2797555691e-02
710000	5.0639301655e-02
711000	5.1085602609e-02
712000	5.4736435064e-02
713000	5.1536812098e-02
714000	5.1148281083e-02
715000	5.2807372762e-02
716000	5.0951938727e-02
717000	5.1537189633e-02
718000	5.2461885964e-02
719000	5.0897189532e-02
720000	5.2162841661e-02
721000	5.3304647212e-02
722000	5.2032953710e-02
723000	5.2059384529e-02
724000	5.2281779819e-02
725000	5.2165107219e-02
726000	5.4576340597e-02
727000	5.2680128021e-02
728000	5.1651596674e-02
729000	5.4566145991e-02
730000	5.2723927423e-02
731000	5.2405248745e-02
732000	5.5340565043e-02
733000	5.2866653074e-02
734000	5.2726947935e-02
735000	5.5584482499e-02
736000	5.2530228160e-02
737000	5.5807632860e-02
738000	5.3591986536e-02
739000	5.3750192979e-02
740000	5.7638901751e-02
741000	5.4400010267e-02
742000	5.3990334622e-02
743000	5.6842582999e-02
744000	5.3476824309e-02
745000	5.2468304872e-02
746000	5.4950146121e-02
747000	5.3882346489e-02
748000	5.3455679677e-02
749000	5.5166877690e-02
750000	5.3541768226e-02
751000	5.5390405818e-02
752000	5.4008836159e-02
753000	5.3618039587e-02
754000	5.5480647716e-02
755000	5.4206311121e-02
756000	5.3828730015e-02
757000	5.5565603427e-02
758000	5.5322441156e-02
759000	5.4125131224e-02
760000	5.6384954602e-02
761000	5.4546889383e-02
762000	5.5363597465e-02
763000	5.6002087193e-02
764000	5.5021131411e-02
765000	5.6819550577e-02
766000	5.4588423227e-02
767000	5.3821933456e-02
768000	5.7146913488e-02
769000	5.4854240501e-02
770000	5.5242771516e-02
771000	5.5954134441e-02
772000	5.5678500212e-02
773000	5.6302264333e-02
774000	5.6481992942e-02
775000	5.5760435294e-02
776000	5.7364022708e-02
777000	5.5735892500e-02
778000	5.4976576823e-02
779000	6.1217616312e-02
780000	5.5410417495e-02
781000	5.8058772003e-02
782000	5.7381013758e-02
783000	5.5988494307e-02
784000	6.0241946485e-02
785000	5.6929049082e-02
786000	5.6732329307e-02
787000	5.8403126081e-02
788000	5.6759515195e-02
789000	5.7624176028e-02
790000	5.7059314568e-02
791000	5.6398547604e-02
792000	5.8492990443e-02
793000	5.7331550634e-02
794000	5.9536624816e-02
795000	5.6613391149e-02
796000	5.6142169866e-02
797000	6.2154017622e-02
798000	5.6859574164e-02
799000	5.8290229295e-02
800000	5.9196801740e-02
801000	5.7545639225e-02
802000	5.9455822455e-02
803000	5.8488836978e-02
804000	5.7979479898e-02
805000	5.9553238447e-02
806000	5.8960058261e-02
807000	5.9066536254e-02
808000	5.8220376726e-02
809000	5.8223019820e-02
810000	6.0391846229e-02
811000	5.7131055044e-02
812000	5.8223775006e-02
813000	6.0322371311e-02
814000	5.8122205664e-02
815000	6.3380779000e-02
816000	6.0825687018e-02
817000	5.9543421376e-02
818000	6.1055633938e-02
819000	5.8498654049e-02
820000	6.0643692850e-02
821000	6.0197391897e-02
822000	5.9412778239e-02
823000	6.0197014245e-02
824000	5.8422005153e-02
825000	5.9050677810e-02
826000	5.9476211900e-02
827000	5.9120152728e-02
828000	6.1534784385e-02
829000	5.9927421389e-02
830000	6.1719799298e-02
831000	5.9528695652e-02
832000	5.9156400501e-02
833000	6.4198242151e-02
834000	5.9451291454e-02
835000	6.1040153145e-02
836000	6.1114536598e-02
837000	6.0126406606e-02
838000	6.1886312556e-02
839000	6.0725250398e-02
840000	6.2109085498e-02
841000	6.0393356602e-02
842000	6.0565533582e-02
843000	6.0944625060e-02
844000	6.0738088097e-02
845000	6.2628637184e-02
846000	5.9520388837e-02
847000	6.0236282763e-02
848000	6.2079256633e-02
849000	6.1707716668e-02
850000	6.5354395891e-02
851000	6.1097923084e-02
852000	6.1547999852e-02
853000	6.2506300863e-02
854000	6.1349392054e-02
855000	6.3808578416e-02
856000	6.1616719584e-02
857000	6.3641309971e-02
858000	6.0702973162e-02
859000	6.1304082396e-02
860000	6.5894336905e-02
861000	6.1962583917e-02
862000	6.6462596529e-02
863000	6.2124188640e-02
864000	6.2055846443e-02
865000	6.4236377948e-02
866000	6.1394701828e-02
867000	6.8640107289e-02
868000	6.2900495715e-02
869000	6.5600201138e-02
870000	6.3677935395e-02
871000	6.2167988159e-02
872000	6.3321121153e-02
873000	6.2986584147e-02
874000	6.4626796870e-02
875000	6.2613911461e-02
876000	6.4734029933e-02
877000	6.2629769905e-02
878000	6.2973746331e-02
879000	6.4850324881e-02
880000	6.3665475114e-02
881000	6.4261675929e-02
882000	6.3397392514e-02
883000	6.4893746749e-02
884000	6.3471775968e-02
885000	6.2598053133e-02
886000	6.7042183713e-02
887000	6.3958100509e-02
888000	6.5004378092e-02
889000	6.3798383693e-02
890000	6.4618112519e-02
891000	6.3642065041e-02
892000	6.3895422150e-02
893000	6.8088083644e-02
894000	6.3233522233e-02
895000	6.7897027475e-02
896000	6.5859599505e-02
897000	6.7175469827e-02
898000	6.5448413487e-02
899000	6.4137829235e-02
900000	6.4929239335e-02
901000	6.4224295318e-02
902000	6.7583257565e-02
903000	6.3200672623e-02
904000	6.7462053965e-02
905000	6.4951516688e-02
906000	6.5186749795e-02
907000	6.5477109747e-02
908000	6.4980212948e-02
909000	6.6293062642e-02
910000	6.5726690926e-02
911000	6.7395222140e-02
912000	6.5860732226e-02
913000	6.6507528769e-02
914000	6.5511091962e-02
915000	6.7379741347e-02
916000	6.8575541023e-02
917000	6.5869416576e-02
918000	6.8027293077e-02
919000	6.5063280636e-02
920000	6.8575918558e-02
921000	6.5815422451e-02
922000	6.6300614271e-02
923000	6.6990077612e-02
924000	6.5865640761e-02
925000	6.6757487482e-02
926000	6.6217546468e-02
927000	6.8684284342e-02
928000	6.7445440451e-02
929000	7.1576178656e-02
930000	6.6534337006e-02
931000	7.0542739006e-02
932000	7.1249948582e-02
933000	6.7573062959e-02
934000	6.8509464269e-02
935000	6.5877345740e-02
936000	6.6813747166e-02
937000	6.6987434519e-02
938000	6.8921783008e-02
939000	6.7903068848e-02
940000	7.0268615033e-02
941000	6.7646313692e-02
942000	6.7291764892e-02
943000	6.7757322453e-02
944000	6.6975729424e-02
945000	6.7377853440e-02
946000	6.8014832912e-02
947000	7.0989417494e-02
948000	6.7417121842e-02
949000	7.0240296423e-02
950000	6.7252496490e-02
951000	6.9311069092e-02
952000	6.8454337423e-02
953000	7.0750786224e-02
954000	6.8337664823e-02
955000	6.8296508514e-02
956000	7.0124379010e-02
957000	6.9406597177e-02
958000	7.1001122473e-02
959000	7.0007328875e-02
960000	7.1057759691e-02
961000	6.9039210677e-02
962000	7.3788426933e-02
963000	6.8228543852e-02
964000	7.0045842091e-02
965000	6.7764119012e-02
966000	7.1042278898e-02
967000	6.8264036439e-02
968000	6.9460591301e-02
969000	7.0560485357e-02
970000	6.9647116354e-02
971000	7.1762326173e-02
972000	7.0090396679e-02
973000	7.1231824695e-02
974000	6.9151352276e-02
975000	7.2180686169e-02
976000	7.1520296624e-02
977000	7.4223778094e-02
978000	7.1478007594e-02
979000	7.2494456195e-02
980000	6.9727163645e-02
981000	7.1056249319e-02
982000	7.1885417681e-02
983000	7.2612639051e-02
984000	6.9801169564e-02
985000	7.0854621124e-02
986000	7.1773276082e-02
987000	7.0797606255e-02
988000	7.1010562126e-02
989000	7.1494621225e-02
990000	7.3440674692e-02
991000	7.1817453019e-02
992000	7.4558692519e-02
993000	7.0287494105e-02
994000	7.5806598412e-02
995000	7.1317158057e-02
996000	7.7751896693e-02
997000	7.2060992941e-02
998000	7.3675152613e-02
999000	7.1373039973e-02
